服務項目,辦理單位,地址,Latitude,Longitude,服務區域
長照交通接送,世豪小客車租賃有限公司,桃園市桃園區瑞慶里20鄰莊一街142號,25.0211483,121.2917095,桃園市全區(不含復興區)
長照交通接送,福倫交通股份有限公司,臺北市信義區松隆路337號1樓,25.048517,121.579727,桃園市全區
長照交通接送,生通股份有限公司,臺北市中山區民權東路一段55號6樓,25.0629437,121.5248663,桃園市全區(不含復興區)
長照交通接送,康健小客車租賃有限公司,新北市三峽區中正路一段26號,24.9310735,121.3757606,桃園市全區
長照交通接送,社團法人臺中綠生活創意行動協會,桃園市平鎮區育英路65號3樓,24.9513051,121.2113366,桃園市全區(不含復興區)
長照交通接送,新航國際租賃有限公司,桃園市龍潭區福龍路3段216號,24.8751016,121.2180831,桃園市全區(不含復興區)
長照交通接送,尚倫國際租車有限公司,桃園市蘆竹區山富街171號,25.0832957,121.2902853,桃園市全區(不含復興區)
長照交通接送,高揚威家醫科診所,桃園市復興區忠孝路32號,24.8145961,121.3514131,復興區(專車)
長照交通接送,桃園市復興區愛心關懷協會,桃園市復興區忠孝路32號,24.8145961,121.3514131,復興區(專車)
長照交通接送,桃園市葛瑪璐長照資源整合協會,桃園市復興區忠孝路34號2樓,24.814607,121.3515274,復興區(專車)
居家服務,財團法人台灣省私立桃園仁愛之家,桃園市楊梅區高榮里14鄰梅獅路539巷3號,24.9243166,121.1853573,中壢、觀音、平鎮、龍潭、楊梅、新屋
居家服務,財團法人桃園市私立怡德老人長期照顧中心(養護型)附設桃園市私立怡德綜合長照機構,桃園市桃園區和興街17號,24.9947929,121.3068468,桃園、八德、龜山、大園、蘆竹、中壢、觀音
居家服務,衛生福利部桃園醫院居家式服務類長期照顧服務機構,桃園市桃園區中山路1492號,24.9777031,121.2691911,中壢、觀音
居家服務,桃園市私立照協居家式服務類長期照顧服務機構,桃園市大溪區中央路27號1樓之1,24.8788436,121.2875587,中壢、觀音、八德、龜山、平鎮、龍潭、大溪、復興
居家服務,桃園市私立旭登居家式服務類長期照顧服務機構,桃園市八德區樹仁三街601號3樓,24.975134,121.309724,中壢、觀音、八德、龜山、桃園、大溪、復興、大園、蘆竹
居家服務,桃園市私立祥育居家式服務類長期照顧服務機構,桃園市桃園區中央街26號2樓,24.9958304,121.3176702,大園、蘆竹、桃園
居家服務,財團法人桃園市私立國宏老人長期照顧中心(養護型)附設桃園市私立國宏綜合式服務類長期照顧服務機構,桃園市平鎮區環南二路265號2樓之5,24.9296022,121.2053963,中壢、觀音、平鎮、龍潭
居家服務,好厝邊長照有限公司附設桃園市私立好厝邊居家長照機構,桃園市桃園區南華街60號8樓之1,24.990563,121.308543,桃園
居家服務,廣元長照社團法人附設桃園市私立元德綜合長照機構(111.3.21縮減服務項目-居家服務),桃園市桃園區潮州街78號,24.9881704,121.2993896,桃園
居家服務,桃園市私立寬福居家式服務類長期照顧服務機構,桃園市桃園區裕和街35號,24.9820575,121.2739249,中壢、觀音、桃園、楊梅、新屋、大園、蘆竹、平鎮、龍潭、八德、龜山
居家服務,桃園市私立聯新居家式服務類長期照顧服務機構,桃園市平鎮區廣泰路77號,24.9463881,121.2052656,平鎮、龍潭、中壢、觀音
居家服務,中華民國紅十字會桃園市分會社團法人附設桃園市私立紅十字居家式服務類長期照顧服務機構,桃園市桃園區中山路507巷12號6樓,24.990803,121.2974202,楊梅、新屋、平鎮、龍潭、八德、龜山、桃園
居家服務,天成醫療社團法人附設桃園市私立金色年代綜合式服務類長期照顧服務機構(111.1.1終止特約),桃園市中壢區延平路219號,24.961581,121.227785,中壢、觀音、平鎮、龍潭
居家服務,桃園市私立家瑞居家長照機構(原桃園市私立元福居家式服務類長期照顧服務機構),桃園市大溪區仁善一街108號,24.9063323,121.2847876,大溪、復興、八德、龜山、平鎮、龍潭
居家服務,桃園市私立家慈居家長照機構(桃園市私立八德元福居家式服務類長期照顧服務機構),桃園市八德區長興二路56號,24.9328978,121.2802292,八德、龜山、中壢、觀音、桃園
居家服務,桃園市私立慈照居家式服務類長期照顧服務機構,桃園市桃園區中山東路21號4樓B2室,24.9958331,121.3139173,桃園、中壢、觀音、八德、龜山、大園、蘆竹
居家服務,桃園市私立同心居家式服務類長期照顧服務機構,桃園市楊梅區永美路335號,24.9170199,121.182186,楊梅、新屋、平鎮、龍潭、中壢、觀音
居家服務,桃園市私立高強居家長照機構,桃園市新屋區大智路48號,24.9646631,121.2988764,楊梅、新屋、大園、蘆竹、中壢、觀音
居家服務,桃園市私立健德居家長照機構,桃園市八德區仁德一路26號,24.9362315,121.2870177,八德、龜山、平鎮、龍潭、桃園、大溪、復興
居家服務,財團法人中華民國佛教慈濟慈善事業基金會桃園市私立慈濟居家長照機構,桃園市桃園區大業路一段307號6樓,25.0099264,121.3136002,桃園、八德、龜山、中壢、觀音
居家服務,桃園市私立銀寶寶居家長照機構,桃園市八德區廣福路766號3樓,24.9608791,121.2802538,八德、龜山、桃園、平鎮、龍潭、中壢、觀音、大溪、復興
居家服務,桃園市私立關愛居家長照機構,桃園市中壢區文成南街93號1樓,24.9783305,121.2519374,中壢、觀音、桃園、平鎮、龍潭
居家服務,財團法人天主教德來會附設桃園市私立德來綜合長照機構,桃園市桃園區三民路一段2號,24.9964566,121.3233068,桃園、八德、龜山
居家服務,財團法人天下為公社會福利慈善事業基金會附設新北市私立天下為公居家式服務類長期照顧服務機構,新北市汐止區大同路三段425號,25.0715683,121.6775006,桃園、中壢、觀音、八德、龜山、大溪、復興、大園、蘆竹
居家服務,桃園市私立家和居家長照機構,桃園市中壢區龍慈路816號,24.9340887,121.2374499,中壢、觀音、平鎮、龍潭、桃園
居家服務,桃園市私立慈山居家長照機構,桃園市八德區豐德一路62號2樓,24.9277521,121.2876507,八德、龜山
居家服務,桃園市私立慈得居家長照機構,桃園市蘆竹區經國路902號7樓F室,25.0336705,121.301112,大園、蘆竹
居家服務,桃園市私立萱桐居家長照機構(111.3.8歇業),桃園市大園區大豐二街69號1樓,25.02341,121.2193088,平鎮、龍潭、大園、蘆竹
居家服務,桃園市私立弘成居家長照機構,桃園市桃園區中埔一街328號1樓,25.0176966,121.2938226,八德、龜山
居家服務,泓樂樂齡事業有限公司附設桃園市私立鳳凰居綜合長照機構,桃園市平鎮區南東路2號4樓之1,24.9197609,121.211818,平鎮、龍潭
居家服務,金色年代長照社團法人附設桃園市私立天慈綜合長照機構(111.1.12終止特約),桃園市龍潭區北龍路311巷35弄20號,24.869542,121.2188369,平鎮、龍潭
居家服務,桃園市私立福安居家長照機構,桃園市大園區大觀路1156巷6弄28號之3六樓,25.0556125,121.158382,大園、蘆竹
居家服務,桃園市私立翔安居家長照機構,桃園市觀音區忠愛路二段115號1樓,24.9986759,121.1592009,中壢、觀音
居家服務,桃園市私立雲隼居家長照機構,桃園市楊梅區中山北路一段319號,24.9082639,121.1573021,楊梅、新屋
居家服務,桃園市私立幸福家居家長照機構,桃園市平鎮區大連街43號2樓,24.913834,121.2069906,平鎮、龍潭
居家服務,桃園市私立睿齡居家長照機構,桃園市桃園區力行路7號7樓(702室),25.0030595,121.3050307,八德、龜山、桃園
居家服務,財團法人桃園市亮詮公益慈善基金會附設桃園市私立亮詮居家長照機構,桃園市中壢區福州路136號,24.9507213,121.2334296,平鎮、龍潭、中壢、觀音
居家服務,有限責任台灣弘和照顧服務勞動合作社附設桃園市私立弘和居家長照機構,桃園市八德區力行街162號,24.9759223,121.2983848,桃園、八德、龜山
居家服務,金色年代長照社團法人附設桃園市私立金色年華綜合長照機構,桃園市中壢區立和路58巷66號1樓,24.9586926,121.2313767,平鎮、龍潭、中壢、觀音
居家服務,桃園市私立關懷居家長照機構,桃園市中壢區松信路109號1樓,24.9621636,121.16498,中壢、觀音
居家服務,惟心長照有限公司附設桃園市私立惟心居家長照機構,桃園市中壢區元化路224號9樓,24.9610239,121.226598,大園、蘆竹、中壢、觀音
居家服務,桃園市私立慶安居家長照機構,桃園市龜山區文德路88號7樓,25.057264,121.3814354,八德、龜山
居家服務,桃園市私立安安居家長照機構,桃園市中壢區延平路429號10樓之1,24.9585444,121.2246724,中壢、觀音
居家服務,有限責任臺灣智群看護家事管理勞動合作社附設桃園市私立智群居家長照機構,桃園市桃園區文中路509號4樓,24.9942845,121.2815011,平鎮、龍潭
居家服務,長榮健康長照社團法人附設桃園市私立榮安居家長照機構,桃園市中壢區環中東路106巷3弄35號,24.9646362,121.257652,中壢、觀音
居家服務,桃園市私立荃人居家長照機構,桃園市蘆竹區南崁路一段83號7樓之3,25.051164,121.288639,大園、蘆竹
居家服務,展橙有限公司附設桃園市私立展橙居家長照機構,桃園市大園區新興路160號1樓,25.0608558,121.1952797,大園、蘆竹
居家服務,育盟紡織股份有限公司附設桃園市私立辰益居家長照機構,桃園市蘆竹區仁愛路三段38號4樓,25.0534568,121.3012414,大園、蘆竹
居家服務,財團法人雙福社會福利慈善事業基金會附設桃園市私立雙福居家長照機構,桃園市中壢區中華路一段619巷15號,24.9689687,121.2510067,中壢、觀音
居家服務,社團法人臺灣恩光專業長照看護訓練關懷發展協會附設桃園市私立恩光居家長照機構,桃園市中壢區延平路500號12樓之1第I室,24.9568373,121.2232422,中壢、觀音
居家服務,桃園市私立長青文殊居家長照機構,桃園市中壢區延平路500號12樓之1B室,24.9568373,121.2232422,中壢、觀音
居家服務,德宥居家長照有限公司附設桃園市私立德宥居家長照機構,桃園市中壢區環北路398號12樓之2,24.9654917,121.2262894,中壢、觀音
居家服務,職物語長照事業有限公司附設桃園市私立樂職心居家式長照機構,桃園市桃園區春日路1038號3樓,25.0191189,121.3087057,桃園
居家服務,桃園市私立滿儒居家長照機構,桃園市桃園區介壽路154號1樓,24.9840218,121.3096937,桃園
居家服務,居邑長照有限公司附設桃園市私立居邑居家長照機構,桃園市桃園區三民路三段284號4樓之2,24.9905284,121.306475,桃園
居家服務,金色年代長照社團法人附設桃園市私立天成綜合長照機構,桃園市楊梅區中山北路一段362號2至3樓,24.908759,121.1577056,楊梅、新屋
居家服務,宥心生活有限公司附設桃園市私立宥心居家長照機構,桃園市楊梅區新農街591號2樓,24.9133345,121.163793,楊梅、新屋
居家服務,耕心者健康國際有限公司附設桃園市私立耕心居家長照機構,桃園市中壢區延平路500號10樓之二(B室),24.9568373,121.2232422,中壢、觀音
居家服務,馨安長照社團法人附設桃園市私立馨安居家長照機構,桃園市桃園區春日路985之5號6樓,25.0113878,121.3100432,桃園
居家服務,有限責任臺灣第二照顧服務勞動合作社附設桃園市私立二顧居家長照機構,桃園市中壢區西園路65巷36號,24.9771311,121.235603,中壢、觀音
居家服務,紓健有限公司附設桃園市私立紓愛居家長照機構,桃園市桃園區龍成二街16號1樓,24.9128138,121.225769,桃園
居家服務,桃園市私立靜馨居家長照機構,桃園市中壢區元化路224號12樓(104室),24.9610239,121.226598,中壢、觀音
居家服務,桃園市私立全家人居家長照機構,桃園市八德區大仁里8鄰仁和街41巷54弄2號2樓,24.9695178,121.3213164,八德、龜山
居家服務,中化銀髮事業股份有限公司附設桃園市私立中化銀髮居家長照機構,桃園市桃園區埔新路157號1樓,25.002688,121.3049894,桃園
居家服務,智浩企業有限公司附設桃園市私立瑞欣綜合長照機構,桃園市桃園區龍鳳三街65巷38號,24.9862039,121.2798055,桃園
居家服務,社團法人中華民國五福社會服務協會附設桃園市私立樂茂居家長照機構,桃園市大溪區復興路二段707號2樓,24.8322066,121.3291546,大溪、復興
居家服務,財團法人恆安社會福利慈善事業基金會附設新北市私立恆安居家長照機構,新北市板橋區民生路1段57、59號12樓,25.0114095,121.4618415,八德、龜山
居家服務,拾全拾美樂齡事業有限公司附設桃園市私立潛龍綜合長照機構,桃園市龍潭區烏樹林里6鄰中豐路640-2號,24.8869199,121.212706,平鎮、龍潭
居家服務,桃園市蒲公英新移民服務協會附設桃園市私立永年居家長照機構,桃園市中壢區成功路139號2樓,24.9764433,121.2596635,中壢、觀音
居家服務,橙莘健康生活有限公司附設桃園市私立橙莘居家長照機構,桃園市蘆竹區中山路72號4樓,25.0549959,121.2991917,大園、蘆竹
居家服務,敬一銀齡事業股份有限公司附設桃園市私立寶加綜合長照機構(111.10.1終止特約),桃園市桃園區縣府路110號3樓,24.9943394,121.3023799,桃園
居家服務,桃園市私立名揚居家長照機構,桃園市楊梅區高鐵南路十段599巷110弄6號,24.8995544,121.0854271,楊梅、新屋
居家服務,桃園市私立天使居家長照機構,桃園市中壢區延平路500號12樓之1第L室,24.9568373,121.2232422,中壢、觀音
居家服務,博善健康股份有限公司附設桃園市私立博樂居家長照機構,桃園市桃園區永安路445號1樓,25.0024252,121.297595,桃園
居家服務,桃寶事業有限公司附設桃園市私立桃寶居家長照機構,桃園市中壢區元化路220號7樓,24.9609491,121.2268554,中壢、觀音
居家服務,社團法人中華國際基督教十字架協會附設桃園市私立良安居家長照機構,桃園市桃園區中正路927號10樓,25.011936,121.300033,桃園
居家服務,桃園市私立晴天居家長照機構,桃園市平鎮區中豐路110號2樓,24.9474634,121.2173983,平鎮、龍潭
居家服務,桃園市私立家源居家長照機構,桃園市桃園區正光路423之10號7樓,25.0011241,121.2943286,桃園
居家服務,桃園市私立浤益居家長照機構,桃園市龜山區萬壽路二段339號3樓,25.0012675,121.356664,八德、龜山
居家服務,貴族樂活股份有限公司附設桃園市私立貴族居家長照機構,桃園市中壢區中山路88號12樓之1之2,24.9554287,121.2264621,中壢、觀音
居家服務,桃園市私立宜適康居家長照機構,桃園市平鎮區延平路二段350之3號1樓,24.9441466,121.2075154,平鎮、龍潭
居家服務,敬一銀齡事業股份有限公司附設桃園市私立寶平綜合長照機構,桃園市桃園區南平路598號1樓,25.015554,121.2918566,桃園
居家服務,旺馨股份有限公司附設新北市私立旺馨居家長照機構,新北市中和區板南路120號3樓,24.9926417,121.5030841,桃園
居家服務,桃園市私立十分之一居家長照機構,桃園市桃園區大興西路二段65號11樓A03室,25.0112709,121.2986836,桃園
居家服務,德宣居家長照有限公司附設桃園市私立德宣居家長照機構,桃園市平鎮區南平路149之8號1樓,24.9192921,121.207372,平鎮、龍潭
居家服務,顧得樂長照有限公司附設桃園市私立顧得樂居家長照機構,桃園市平鎮區環南路18號8樓之5,24.9563289,121.2065705,平鎮、龍潭
居家服務,桃園市私立群和居家長照機構,桃園市桃園區中平路102號12樓之1,24.987231,121.2927881,桃園
居家服務,社團法人台灣立享長照服務教育發展協會附設桃園市私立立享居家長照機構,桃園市龜山區龜山里中和南路22號1樓,24.9952742,121.3397653,八德、龜山
居家服務,歡喜學堂推廣協會附設桃園市私立歡喜到宅居家長照機構,桃園市蘆竹區羊稠里中山路12號2樓,25.0507673,121.3016475,大園、蘆竹
居家服務,桃園市私立樂善居家長照機構,桃園市中壢區龍安三街1號1樓,24.9424955,121.2471772,中壢、觀音
居家服務,芯薏企業有限公司附設桃園市私立芯薏居家長照機構,桃園市桃園區中平路98號19樓之2,24.9878875,121.2927033,桃園
居家服務,智能醫學科技股份有限公司附設桃園私立祥寶尊榮居家長照機構,桃園市中壢區中正路四段596號10樓,24.9922565,121.1727242,中壢、觀音
居家服務,桃園市私立丞安居家長照機構,桃園市龜山區自強西街230號1樓,25.0199092,121.3655989,八德、龜山
居家服務,桃園市私立恩惠居家長照機構,桃園市中壢區延平路326-1號10樓,24.9605018,121.2252212,中壢、觀音
居家服務,桃園市私立怡宏居家長照機構,桃園市桃園區鎮南街1號7樓,24.9910919,121.3094798,桃園
居家服務,桃園市私立健安綜合長照機構,桃園市八德區長興路469號1至3樓,24.9324447,121.2721028,八德、龜山
居家服務,桃園市私立澄豐居家長照機構,桃園市桃園區國強二街259號,24.9828869,121.2758291,桃園
居家服務,芯茂健康長照事業有限公司附設桃園市私立芯康居家長照機構,桃園市桃園區中埔一街123號8樓,25.0140865,121.295451,桃園
居家服務,桃園市私立以樂居家長照機構,桃園市龍潭區健行路345巷67號2樓,24.8671567,121.2308113,平鎮、龍潭
居家服務,友瑞居服有限公司附設桃園市私立友瑞居家長照機構,桃園市平鎮區環南路二段11號15樓之三,24.9446868,121.2090436,平鎮、龍潭
居家服務,桃園市私立?駿居家長照機構,桃園市楊梅區中山北路二段265巷94號1樓,24.9080497,121.1756361,楊梅、新屋
居家服務,馨香有限公司附設桃園市私立馨香居家長照機構,桃園市中壢區中山路426號2樓,24.9567571,121.2175598,中壢、觀音
居家服務,青華家鏈照股份有限公司附設桃園市私立青華活力居家長照機構,桃園市中壢區中央西路一段1號7樓(709室),24.9571282,121.2234211,中壢、觀音
居家服務,利鎮物業管理顧問有限公司附設桃園市私立利鎮居家長照機構,桃園市蘆竹區南崁路一段83號7樓之2,25.051164,121.288639,大園、蘆竹
居家服務,守心長期照護股份有限公司附設桃園市私立守心居家長照機構,桃園市桃園區國聖二街155號,24.9841741,121.2877163,桃園
居家服務,善誠健康事業股份有限公司附設桃園市私立八德善誠居家長照機構,桃園市八德區東勇街69巷8號1樓,24.9628927,121.3062376,八德、龜山
居家服務,社團法人中華長照協會附設桃園市私立永樂居家長照機構,桃園市桃園區南華街60號9樓之3,24.990563,121.308543,桃園
居家服務,儀美長照有限公司附設桃園市私立三元居家長照機構,桃園市大溪區三元三街21號,24.8823454,121.2675097,大溪、復興
居家服務,桃園市私立星之禾居家長照機構,桃園市八德區仁德路180號2樓,24.9352639,121.2864809,八德、龜山
居家服務,桃園市私立宏庭居家長照機構(111.12.31歇業),桃園市桃園區永安路189號5樓之2 A04室,24.9978844,121.3042861,桃園
居家服務,信馨居服有限公司附設桃園市私立信馨居家長照機構(111.1.10歇業),桃園市桃園區民光東路89號4樓,25.007907,121.318974,桃園
餐飲服務,旭登護理之家,桃園市桃園區樹仁三街601號,24.975134,121.309724,桃園區全區及八德區全區
餐飲服務,桃園市社會服務關懷協會,桃園市龜山區文三三街5巷5號,25.0554521,121.3606317,龜山區全區
餐飲服務,展橙有限公司附設桃園市私立展橙居家長照機構,桃園市桃園區裕和街35號,24.9820575,121.2739249,大園區全區
餐飲服務,桃園市照顧服務協進會,桃園市大溪區中央路27號1樓之1,24.8788436,121.2875587,大溪區全區及復興區全區
餐飲服務,元福護理之家,桃園市大溪區石園路760巷316號,24.8702457,121.2509896,龍潭區全區
餐飲服務,社團法人台灣健康整合服務協會,桃園市蘆竹區五福六路51號1樓,25.054512,121.2967259,蘆竹區全區
餐飲服務,桃園市私立雲隼居家長照機構,桃園市楊梅區中山北路一段319號,24.9082639,121.1573021,新屋區全區
餐飲服務,財團法人桃園市私立國宏老人長期照顧中心,桃園市平鎮區北貴里20鄰關爺東路19號,24.9295561,121.2209517,平鎮區之北貴里、北富里、龍恩里、建安里、東勢里、新安里、華安里、東安里、東社里
餐飲服務,聯新文教基金會,桃園市平鎮區義民里14鄰廣泰路77號,24.9463881,121.2052656,平鎮區山峰里；平鎮區平鎮里；平鎮區貿易里；平鎮區新榮里；平鎮區廣興里；平鎮區中正里；平鎮區北安里；平鎮區北興里；平鎮區高雙里；平鎮區復旦里；平鎮區新英里；平鎮區義民里；平鎮區平安里；平鎮區北華里；平鎮區宋屋里；平鎮區湧光里；平鎮區復興里；平鎮區新貴里；平鎮區義興里；平鎮區龍興里；平鎮區平南里；平鎮區金星里；平鎮區忠貞里；平鎮區湧安里；平鎮區新富里；平鎮區廣仁里；平鎮區鎮興里；平鎮區平興里；平鎮區北勢里；平鎮區金陵里；平鎮區南勢里；平鎮區湧豐里；平鎮區福林里；平鎮區新勢里；平鎮區廣達里；平鎮區雙連里；平鎮區莊敬里；中壢區山東里；中壢區月眉里；中壢區洽溪里；中壢區芝芭里；中壢區青埔里；中壢區興和里；中壢區永光里；中壢區水尾里；中壢區內定里；中壢區永福里；中壢區忠福里；中壢區文化里；中壢區成功里；中壢區和平里；中壢區忠孝里；中壢區福德里；中壢區內壢里；中壢區中原里；中壢區復興里；中壢區復華里；中壢區三民里；中壢區明德里；中壢區東興里；中壢區林森里；中壢區中央里；中壢區金華里；中壢區中建里；中壢區信義里；中壢區中堅里；中壢區後寮里；中壢區中榮里；中壢區振興里；中壢區中壢里；中壢區健行里；中壢區五福里；中壢區五權里；中壢區仁和里；中壢區仁美里；中壢區普仁里；中壢區仁祥里；中壢區普忠里；中壢區仁愛里；中壢區普強里；中壢區仁義里；中壢區普義里；中壢區仁福里；中壢區普慶里；中壢區仁德里；中壢區華勛里；中壢區華愛里；中壢區內厝里；中壢區新明里；中壢區新街里；中壢區新興里；中壢區過嶺里；中壢區正義里；中壢區德義里；中壢區永興里；中壢區興平里；中壢區石頭里；中壢區光明里；中壢區興南里；中壢區興國里；中壢區龍平里；中壢區龍安里；中壢區龍岡里；中壢區龍昌里；中壢區至善里；中壢區龍東里；中壢區龍慈里；中壢區幸福里；中壢區龍德里；中壢區龍興里；中壢區忠義里；中壢區舊明里
餐飲服務,中華雲鵬展弘協會,桃園市楊梅區中山北路一段319號,24.9082639,121.1573021,楊梅區全區及觀音區全區
餐飲服務,社團法人桃園市濟世功德協進會,桃園市中壢區明德路178號2樓、桃園市中壢區自立三街2巷18號(桃園縣私立慈恩養護中心),24.9640076,121.2537091,中壢區自立里；中壢區自信里；中壢區自強里；中壢區自治里；中壢區莊敬里；中壢區興仁里；中壢區中正里；中壢區中山里；中壢區中興里；中壢區篤行里
居家護理,衛生福利部桃園醫院附設居家護理所,桃園市桃園區中山路1492號,24.9777031,121.2691911,桃園區、中壢區、平鎮區、八德區、蘆竹區
居家護理,敏盛綜合醫院附設居家護理所,桃園市桃園區經國路168號B3,25.0164076,121.3061435,桃園區、蘆竹區
居家護理,臺北榮民總醫院桃園分院附設居家護理所,桃園市桃園區成功路三段100號,25.0043516,121.3241788,桃園區、八德區、龜山區
居家護理,沙爾德聖保祿修女會醫療財團法人附設聖保祿居家護理所,桃園市桃園區建新街123號,24.9823214,121.3122536,桃園區、八德區、大溪區、蘆竹區、龜山區
居家護理,聯新國際醫院桃新分院附設居家護理所,桃園市桃園區南海街7號4樓,24.9915216,121.3089269,桃園區、八德區、蘆竹區、龜山區
居家護理,護寧居家護理所,桃園市桃園區中埔二街80號5樓,25.0112663,121.296356,桃園市全區
居家護理,中順居家護理所,桃園市桃園區中正路1316號12樓,25.0208399,121.2965851,桃園區
居家護理,樂福居家護理所,桃園市桃園區同德十街20巷21號9樓,25.0186419,121.2940824,桃園區、中壢區、平鎮區、八德區、大溪區、蘆竹區、大園區、龜山區、觀音區
居家護理,富立順居家護理所,桃園市桃園區慈光街101巷15號2樓,25.0062297,121.2985937,桃園市全區
居家護理,弘成居家護理所,桃園市桃園區中埔一街328號1樓,25.0176966,121.2938226,桃園市全區
居家護理,桃園市桃園區衛生所附設居家護理所,桃園市桃園區國豐三街123號4樓,24.9900046,121.2787098,桃園區
居家護理,祐民醫院附設居家護理所,桃園市中壢區民族路二段180號,24.9573932,121.2036991,中壢區、平鎮區、楊梅區、觀音區
居家護理,中敏居家護理所,桃園市中壢區至善里35鄰後寮一路329號,24.9354338,121.2466863,桃園市全區
居家護理,中壢長榮醫院附設居家護理所,桃園市中壢區環中東路106巷1弄31號,24.9647833,121.2580165,中壢區、桃園區、平鎮區、八德區
居家護理,天成醫療社團法人附設居家護理所,桃園市中壢區延平路155號,24.9626431,121.2290242,中壢區、平鎮區
居家護理,懷寧醫院附設居家護理所,桃園市中壢區信義路97號2樓,24.9741471,121.2569626,桃園市全區
居家護理,晴康居家護理所,桃園市中壢區元化路二段126號7樓,24.9627793,121.2192703,中壢區、平鎮區、大園區、八德區
居家護理,馨安居家護理所,桃園市中壢區元化路224號12樓104室,24.9610239,121.226598,中壢區
居家護理,晴天居家護理所,桃園市中壢區福仁三街72號8樓,24.9721514,121.2053963,桃園市全區(除復興區)
居家護理,倆安居家護理所,桃園市中壢區青雲路100號12樓之8,25.0139656,121.2203765,桃園市全區
居家護理,桃園市中壢區衛生所附設居家護理所,桃園市中壢區溪洲街296號,24.9623219,121.230063,中壢區
居家護理,長庚醫療財團法人附設林口居家護理所,桃園市龜山區復興街5號,25.0626266,121.368323,桃園區、蘆竹區、龜山區
居家護理,家馨居家護理所,桃園市龜山區復興一路230號5樓之3,25.0573679,121.3650921,桃園市全區
居家護理,幸福居家護理所,桃園市龜山區林森路103巷12弄25號1樓,24.9880854,121.3216763,龜山區、八德區、觀音區、平鎮區、中壢區、龍潭區、大園區、新屋區、大溪區、蘆竹區
居家護理,桃園市龜山區衛生所附設居家護理所,桃園市龜山區自強南路103號,24.9914954,121.3384148,龜山區
居家護理,聯新國際醫院附設居家護理所,桃園市平鎮區廣泰路77號,24.9463881,121.2052656,中壢區、平鎮區、楊梅區、觀音區
居家護理,陽明醫院附設居家護理所,桃園市平鎮區延平路二段56號,24.950095,121.2124714,桃園市全區
居家護理,仁仁居家護理所,桃園市平鎮區環南路二段280號18樓-1,24.940116,121.2145338,桃園市全區
居家護理,新恩居家護理所,桃園市平鎮區中豐路南勢二段102號2樓,24.9167714,121.2107125,平鎮區、中壢區
居家護理,桃園市平鎮區衛生所附設居家護理所,桃園市平鎮區振興路1號,24.9459175,121.2179185,平鎮區
居家護理,怡仁綜合醫院附設居家護理所,桃園市楊梅區楊新北路321巷30號,24.9170236,121.1555767,平鎮區、楊梅區、新屋區、觀音區
居家護理,姜博文診所附設同心居家護理所,桃園市楊梅區永美路333號3樓,24.9172046,121.1819986,楊梅區
居家護理,天成醫院附設居家護理所,桃園市楊梅區中山北路1段356號,25.0740097,121.189807,平鎮區、楊梅區
居家護理,桃園市楊梅區衛生所附設居家護理所,桃園市楊梅區校前路409號2樓,24.8969598,121.1497885,楊梅區
居家護理,國家中山科學研究院石園診所附設居家護理所,桃園市龍潭區文化路6巷35號,24.8496699,121.2453942,龍潭區、大溪區
居家護理,國軍桃園總醫院附設居家護理所,桃園市龍潭區中興路九龍段168號1樓,24.8792261,121.2472479,中壢區、平鎮區、八德區、大溪區、龍潭區
居家護理,龍潭敏盛醫院附設居家護理所,桃園市龍潭區中豐路168號,24.8751574,121.2137879,平鎮區、大溪區、龍潭區
居家護理,桃園市龍潭區衛生所附設居家護理所,桃園市龍潭區中正路210號2樓,24.8638585,121.2160947,龍潭區
居家護理,衛生福利部桃園醫院新屋分院附設居家護理所,桃園市新屋區新福二路6號,24.9697382,121.1070934,新屋區、觀音區、楊梅區
居家護理,桃園市新屋區衛生所附設居家護理所,桃園市新屋區中山路239號,24.972535,121.106582,新屋區
居家護理,嘉育居家護理所,桃園市八德區中山路167號1樓,24.9267503,121.2846308,桃園市全區
居家護理,旭安居家護理所,桃園市八德區樹仁三街601號2樓,24.975134,121.309724,桃園市全區
居家護理,敦仁診所附設居家護理所,桃園市八德區永豐路572巷21號,24.9759293,121.2720668,桃園市全區(除復興區外)
居家護理,家安居家護理所,桃園市八德區廣豐路89號5樓,24.9666931,121.2983374,桃園區、八德區、龜山區、大溪區
居家護理,荃馨婦幼居家護理所,桃園市八德區廣福路167巷2號4樓之一,24.9592031,121.2949175,八德區、桃園區、大溪區、龍潭區、平鎮區、中壢區
居家護理,桃園市八德區衛生所附設居家護理所,桃園市八德區大華村介壽路二段361巷28號,24.9475152,121.2985398,八德區
居家護理,惠心居家護理所,桃園市蘆竹區長興路一段40之6號12樓,25.0599827,121.2938299,桃園區、八德區、蘆竹區、大園區、龜山區
居家護理,宜杏居家護理所,桃園市蘆竹區忠孝西路169巷20之6號4樓,25.0400724,121.2899435,桃園區、龜山區、八區區、平鎮區、中壢區、龍潭區、大溪區、蘆竹區、楊梅區
居家護理,六福居家護理所,桃園市蘆竹區六福路326號3樓,25.0618472,121.2939592,桃園市全區
居家護理,桃園市蘆竹區衛生所附設居家護理所,桃園市蘆竹區內厝村長安路二段238號,25.067977,121.27473,蘆竹區
居家護理,大園敏盛醫院附設居家護理所,桃園市大園區華中街2號,25.0623117,121.1959554,中壢區、蘆竹區、大園區、新屋區、觀音區
居家護理,詠馨居家護理所,桃園市大園區中山南路136巷4弄10號,25.061001,121.1976688,桃園市全區(除復興區外)
居家護理,桃園市大園區衛生所附設居家護理所,桃園市大園區田心村中正西路19號,25.0634033,121.1954442,大園區
居家護理,桃園市大溪區衛生所附設居家護理所,桃園市大溪區仁愛路1號,24.8844771,121.2854738,大溪區
居家護理,桃園市觀音區衛生所附設居家護理所,桃園市觀音區觀新路58號,25.0277076,121.0833556,觀音區
居家護理,桃園市復興區衛生所附設居家護理所,桃園市復興區澤仁村中正路25號,24.8151032,121.3509884,復興區
居家復健,天成醫院,桃園市楊梅區中山里17鄰中山北路1段356號,24.908547,121.1548267,
居家復健,龍潭敏盛醫院,桃園市龍潭區烏樹林里23鄰中豐路168號,24.8751574,121.2137879,
居家復健,中壢長榮醫院,桃園市中壢區自治里20鄰環中東路150號,24.9644573,121.257836,
居家復健,懷寧醫院,桃園市中壢區五權里13鄰志廣路119號,24.9614439,121.2054961,
居家復健,華揚醫院,桃園市中壢區正義里12鄰中北路2段316號,24.9531213,121.2299504,
居家復健,國軍桃園總醫院附設民眾診療服務處,桃園市龍潭區北興里12鄰中興路168號,24.8769676,121.2348227,
居家復健,天成醫療社團法人天晟醫院,桃園市中壢區新街里7鄰延平路155號,24.9626431,121.2290242,
居家復健,臺北榮民總醫院桃園分院,桃園市桃園區三元里8鄰成功路3段100號復健科,25.0043516,121.3241788,
居家復健,衛生福利部桃園醫院,桃園市桃園區龍山里8鄰中山路1492號,24.9777031,121.2691911,
居家復健,敏盛綜合醫院,桃園市桃園區新埔里20鄰經國路168號,25.0164076,121.3061435,
居家復健,衛生福利部桃園醫院新屋分院,桃園市新屋區新屋里14鄰新福二路6號,24.9697382,121.1070934,
居家復健,桃園市物理治療師公會,桃園市龜山區新興里20鄰明德路116號1樓10室,24.9926003,121.3397298,
居家復健,社團法人桃園市職能治療師公會,桃園市桃園區泰山里4鄰中山路511號4樓,24.9569047,121.2147022,
居家復健,普心復健科骨科診所,桃園市楊梅區瑞坪里35鄰瑞溪路2段160號,24.909034,121.18186,
居家復健,愛迪樂居家職能治療所,台北市南港區福德街373巷5號15樓,25.040342,121.591243,
居家復健,信醫物理治療所,桃園市平鎮區北富里23鄰金陵路3段197巷1弄21之2號,24.9267021,121.2281667,
居家復健,詠馨居家護理所,桃園市大園區大園里6鄰中山南路136巷4弄10號,25.061001,121.1976688,
居家復健,樂福居家護理所,桃園市桃園區寶安里5鄰同德十街20巷21號9樓,25.0186419,121.2940824,
居家復健,中順居家護理所,桃園市桃園區莊敬里22鄰中正路1316號12樓,25.0208399,121.2965851,
居家復健,六福居家護理所,桃園市蘆竹區內厝里1鄰六福路326號3樓,25.0618472,121.2939592,
居家復健,惠心居家護理所,桃園市蘆竹區錦興里2鄰聯福街10號,25.050604,121.2881385,
居家復健,護寧居家護理所,桃園市桃園區寶慶里5鄰中埔二街80號5樓,25.0112663,121.296356,
居家復健,天成醫院附設居家護理所,桃園市楊梅區中山里17鄰中山北路1段356號,24.908547,121.1548267,
居家復健,敦仁診所附設居家護理所,桃園市八德區高明里1鄰永豐路572巷21號,24.9759293,121.2720668,
居家復健,祐民醫院附設居家護理所,桃園市中壢區五權里19鄰民族路2段180號,24.9573932,121.2036991,
居家復健,天成醫療社團法人附設居家護理所,桃園市中壢區新街里7鄰延平路155號11樓,24.9626431,121.2290242,
居家復健,壢新醫院附設居家護理所,桃園市平鎮區義民里14鄰廣泰路77號,24.9463881,121.2052656,
居家復健,五甘心物理治療所,新北市新莊區中隆里27鄰中央路297號3樓,25.0586688,121.4516372,
居家復健,桃園居家職能治療所,桃園市中壢區忠義里7鄰中華路1段617號2樓,24.9611615,121.2361217,
居家復健,桃園市藥師公會,桃園市中壢區新街里13鄰環北路400號20樓之6,24.9654069,121.2262386,
居家復健,社團法人台灣健康整合服務協會,桃園市八德區福興里1鄰廣興路109巷13號5樓,24.9337321,121.284025,
居家復健,桃園市物理治療生公會,桃園市八德區廣隆里6鄰廣隆街69巷14號1樓,24.956745,121.291904,
長期照顧中心,財團法人台灣省私立桃園仁愛之家附設成功養護中心,桃園區成功路2段99號,24.9945589,121.3174,
長期照顧中心,桃園市私立長安老人長期照顧中心(養護型),桃園區延平路42號2樓,24.9851106,121.3142543,
長期照顧中心,桃園市私立建元老人長期照顧中心(養護型),桃園區大豐路56號1-2樓、60、62號1樓,24.9807357,121.3181755,
長期照顧中心,桃園市私立逸園老人長期照顧中心(養護型),桃園區民富五街5、7號1、2樓、5之2號3樓,25.0065548,121.317106,
長期照顧中心,桃園市私立慈家老人長期照顧中心(養護型),桃園區新生路165號6樓之1,24.9971089,121.3094988,
長期照顧中心,桃園市私立慈庭老人長期照顧中心(長期照護型),桃園區新生路165號6樓之2,24.9971089,121.3094988,
長期照顧中心,桃園市私立逸慈老人長期照顧中心(養護型),桃園區寶慶路201號,25.0139546,121.2921863,
長期照顧中心,桃園市私立台大老人長期照顧中心(養護型),桃園區經國路242號4樓,25.0206289,121.3040382,
長期照顧中心,桃園市私立康全老人長期照顧中心(養護型),桃園區樹林四街26號1、2樓(B1),24.9814719,121.3131689,
長期照顧中心,桃園市私立家悅老人長期照顧中心(養護型),桃園區新生路165號5樓之2,24.9961184,121.3077767,
長期照顧中心,桃園市私立康益老人長期照顧中心(養護型),桃園區新生路165號5樓之1,24.9961184,121.3077767,
長期照顧中心,桃園市私立陽光老人長期照顧中心（養護型）,桃園區國際路一段264號1樓,24.9682121,121.2923861,
長期照顧中心,桃園市私立同安老人長期照顧中心(養護型),桃園區新埔七街101號1樓,25.0205923,121.3009876,
長期照顧中心,桃園市私立宜家老人長期照顧中心(養護型),桃園區經國路242號2樓,25.0206289,121.3040382,
長期照顧中心,桃園市私立康健老人長期照顧中心(養護型),桃園區新埔七街101號2、3樓,25.0205923,121.3009876,
長期照顧中心,桃園市私立吉安老人長期照顧中心(養護型),桃園區朝陽街二段26、28號,24.9915917,121.3157342,
長期照顧中心,桃園市私立恩澤老人長期照顧中心(養護型),桃園區中央街26號1樓,24.996001,121.3175423,
長期照顧中心,桃園市私立陽光空氣水老人長期照顧中心(養護型),桃園區中正路720之7號8樓,25.007885,121.302977,
長期照顧中心,桃園市私立民享老人長期照顧中心(養護型),桃園區民生路290號,24.996096,121.312378,
長期照顧中心,桃園市私立禾安老人長期照顧中心(養護型),桃園區武陵里9鄰朝陽街2段26、28號2樓,24.9915917,121.3157342,
長期照顧中心,桃園市私立莊敬園老人長期照顧中心(養護型),桃園區莊敬路1段375號3樓,24.9717312,121.2570922,
長期照顧中心,桃園市私立慈恩老人長期照顧中心(養護型),中壢區自立里自立三街二巷16、18號(1-3F),24.9640758,121.2537169,
長期照顧中心,桃園市私立長祐老人長期照顧中心(養護型),中壢區環中東路188號、190號2樓,24.9639312,121.257286,
長期照顧中心,桃園市私立東陽老人長期照顧中心(養護型),中壢區興仁路二段152之2號,24.9649678,121.2628028,
長期照顧中心,財團法人桃園市私立甡光社會福利基金會附設桃園市私立甡光老人長期照顧中心(養護型),平鎮區南平路二段516巷99號(1-3F),24.9238812,121.1930838,
長期照顧中心,財團法人桃園市私立國宏長期照顧中心（養護型）,平鎮區北貴里20鄰關爺東路19-5號(1-2F、B1),24.9292901,121.2206359,
長期照顧中心,桃園市私立瑞生老人長期照顧中心(養護型),平鎮區金陵路五段32之1號.32之2號(1-2F),24.9111345,121.2309755,
長期照顧中心,桃園市私立平鎮老人長期照顧中心(養護型),平鎮區平南里35鄰開封街77號,24.9108718,121.2040001,
長期照顧中心,桃園市私立八德老人長期照顧中心(養護型),八德區大智里介壽路一段758巷8號,24.9638001,121.2999821,
長期照顧中心,財團法人台灣省私立桃園仁愛之家,楊梅區高榮里東梅獅路539巷3號,24.9243166,121.1853573,
長期照顧中心,桃園市私立明新老人長期照顧中心(養護型),楊梅區裕成南路313號、315號1樓,24.8992519,121.1577953,
長期照顧中心,桃園市私立富佑老人長期照顧中心(養護型),楊梅區富豐南路418號,24.9311913,121.0780186,
長期照顧中心,桃園市私立雲鵬老人長期照顧中心(養護型),楊梅區中山北路一段319號,24.9082639,121.1573021,
長期照顧中心,桃園市私立眾生老人長期照顧中心(養護型),大溪區福安里順和路65號,24.8594747,121.2971669,
長期照顧中心,桃園市私立大溪老人長期照顧中心(養護型),大溪區慈湖路85號4樓,24.8822978,121.289092,
長期照顧中心,桃園市蘆竹區老人長期照顧中心(養護型),蘆竹區山腳里5鄰黃帝街168號,25.0896521,121.2912538,
長期照顧中心,桃園市私立台北老人長期照顧中心（養護型）,蘆竹區坑子里13鄰八德一路263號,25.0641205,121.3372078,
長期照顧中心,桃園市私立友愛老人長期照顧中心（養護型）,蘆竹區新興街273巷63號、65號1樓,25.0073196,121.2685926,
長期照顧中心,桃園市私立馨禾老人長期照顧中心（養護型）,蘆竹區文中路一段108號,24.9917834,121.267632,
長期照顧中心,桃園市私立大園老人長期照顧中心（養護型）,大園區圳頭里6鄰圳頭路342號,25.0803157,121.2017039,
長期照顧中心,桃園市私立長青老人長期照顧中心（養護型）,大園區田心里華興路1段81號,25.0649795,121.1932111,
長期照顧中心,桃園市私立祥安老人長期照顧中心（養護型）,龜山區文化三路78巷30弄26號,25.0582269,121.3613879,
長期照顧中心,桃園市私立慈慧老人長期照顧中心（養護型）,龜山區萬壽路二段345號,25.0013033,121.3565756,
長期照顧中心,桃園市私立愈健老人長期照顧中心(養護型),龜山區大湖里文三三街5巷5號,25.0554521,121.3606317,
長期照顧中心,桃園市私立吳木同老人長期照顧中心（養護型）,龜山區大坑里17鄰陳厝坑路395號,25.0610366,121.3384735,
長期照顧中心,桃園市私立松林老人長期照顧中心（長期照護型）,龜山區復興北路6巷42號,25.0587298,121.3677207,
長期照顧中心,桃園市私立友緣老人長期照顧中心（養護型）,龜山區萬壽路2段345號3樓,25.0013033,121.3565756,
長期照顧中心,桃園市私立宥恩老人長期照顧中心（養護型）,龜山區萬壽路2段343號3樓,25.001044,121.356386,
長期照顧中心,桃園市私立真愛老人長期照顧中心（養護型）109年10月20日起停業,龜山區萬壽路一段163號3樓之1、之2,25.0182102,121.4069835,
長期照顧中心,財團法人桃園市私立怡德老人長期照顧中心(養護型),龍潭區中正路三林段619巷105號(1-4F、B1),24.8478617,121.2389166,
長期照顧中心,桃園市私立佳心老人長期照顧中心(養護型),龍潭區中興路211巷30號(1-3F),24.8735291,121.2361329,
長期照顧中心,桃園市私立厚德老人長期照顧中心(養護型),龍潭區高原里高原路239號(1-2F),24.8326975,121.2011692,
長期照顧中心,桃園市私立龍祥老人長期照顧中心(長期照護型),龍潭區高平里高楊南路97-1號1F,24.8370507,121.2111663,
長期照顧中心,桃園市私立慈航老人長期照顧中心(養護型),龍潭區富林里中正路三林段619巷3號(1-2F),24.8455157,121.2379663,
長期照顧中心,桃園市私立庭園老人長期照顧中心（養護型）,龍潭區南龍路42號1F,24.864325,121.212811,
長期照顧中心,財團法人桃園市私立佳安老人長期照顧中心(養護型),龍潭區佳安西路4巷101號(1-6F),24.8380898,121.2371849,
長期照顧中心,桃園市私立愛心老人長期照顧中心(養護型),龍潭區龍元路45號1樓,24.8648474,121.2127871,
長期照顧中心,桃園市私立慈園老人長期照顧中心(養護型),龍潭區武中路558號,24.8829378,121.2374492,
長期照顧中心,財團法人天下為公社會福利基金會附設桃園市私立龍潭老人長期照顧中心(養護型),龍潭區高原里8鄰南坑路3-5號1-4樓,24.835742,121.167696,
長期照顧中心,桃園市私立欣園老人長期照顧中心(養護型),新屋區頭洲里梅高路三段八號1F-2F,24.9560905,121.1462523,
長期照顧中心,桃園市私立龍德老人長期照顧中心（養護型）,新屋區三民路265巷68號1F,24.967784,121.1050847,
長期照顧中心,桃園市私立博愛老人長期照顧中心(養護型),新屋區東明里上庄一路136號(1-4樓),24.971516,121.0883144,
長期照顧中心,桃園市私立友德老人長期照顧中心(養護型),桃園市蘆竹區新興街273巷63、65號2樓,25.0073196,121.2685926,
長期照顧中心,桃園市私立少同老人長期照顧中心(養護型),桃園市中壢區中正路四段594號8樓、596號8、9樓,24.9922633,121.1724734,
長期照顧中心,桃園市私立坤宏老人長期照顧中心(養護型),桃園市桃園區大樹里2鄰樹仁三街218號,24.9740983,121.3184496,
長期照顧中心,桃園市私立海森老人長期照顧中心(養護型),桃園市蘆竹區蘆興里3鄰蘆興南路403巷26號,25.0338355,121.2851809,
長期照顧中心,桃園市私立安生老人長期照顧中心(長期照護型),桃園市中壢區內定八街286號,25.0009573,121.2434866,
長期照顧中心,桃園市私立泰安老人長期照顧中心(養護型),桃園市新屋區永安里中山西路三段603巷36號,24.9877706,121.0317072,